[[0.01079136690647482, 0.025179856115107913, 0.02158273381294964, 0.13309352517985612, 0.008992805755395683, 0.16366906474820145, 0.008992805755395683, 0.046762589928057555, 0.39568345323741005, 0.03597122302158273, 0.017985611510791366, 1e-14, 1e-14, 0.014388489208633094, 0.039568345323741004, 0.023381294964028777, 1e-14, 0.0035971223021582736, 1e-14, 0.0017985611510791368, 0.03776978417266187, 1e-14, 0.0017985611510791368, 1e-14, 1e-14, 1e-14, 0.008992805755395683], [0.18181818181818182, 0.030303030303030304, 0.06060606060606061, 0.06060606060606061, 0.030303030303030304, 0.3181818181818182, 0.030303030303030304, 1e-14, 0.13636363636363635, 1e-14, 1e-14, 1e-14, 1e-14, 1e-14, 0.07575757575757576, 0.015151515151515152, 1e-14, 1e-14, 1e-14, 1e-14, 0.06060606060606061, 1e-14, 1e-14, 1e-14, 1e-14, 1e-14, 1e-14], [0.15151515151515152, 0.06060606060606061, 1e-14, 0.030303030303030304, 1e-14, 0.06060606060606061, 1e-14, 1e-14, 0.5757575757575758, 0.030303030303030304, 1e-14, 1e-14, 1e-14, 1e-14, 0.06060606060606061, 0.030303030303030304, 1e-14, 1e-14, 1e-14, 1e-14, 1e-14, 1e-14, 1e-14, 1e-14, 1e-14, 1e-14, 1e-14], [0.46956521739130436, 0.06086956521739131, 0.008695652173913044, 1e-14, 0.017391304347826087, 0.05217391304347826, 1e-14, 0.017391304347826087, 0.2956521739130435, 0.017391304347826087, 0.008695652173913044, 1e-14, 1e-14, 1e-14, 0.02608695652173913, 0.008695652173913044, 1e-14, 0.008695652173913044, 1e-14, 1e-14, 0.008695652173913044, 1e-14, 1e-14, 1e-14, 1e-14, 1e-14, 1e-14], [0.1935483870967742, 0.03225806451612903, 1e-14, 1e-14, 1e-14, 0.03225806451612903, 1e-14, 0.06451612903225806, 0.3387096774193548, 0.20967741935483872, 1e-14, 1e-14, 1e-14, 0.0967741935483871, 1e-14, 0.016129032258064516, 1e-14, 1e-14, 1e-14, 1e-14, 0.016129032258064516, 1e-14, 1e-14, 1e-14, 1e-14, 1e-14, 1e-14], [0.3719512195121951, 0.06097560975609756, 0.042682926829268296, 0.06097560975609756, 0.006097560975609756, 0.006097560975609756, 1e-14, 0.018292682926829267, 0.17073170731707318, 0.012195121951219513, 0.006097560975609756, 1e-14, 1e-14, 0.17682926829268292, 0.024390243902439025, 0.012195121951219513, 1e-14, 1e-14, 1e-14, 0.006097560975609756, 0.018292682926829267, 1e-14, 1e-14, 1e-14, 1e-14, 1e-14, 0.006097560975609756], [1e-14, 0.08333333333333333, 1e-14, 0.08333333333333333, 1e-14, 0.25, 1e-14, 1e-14, 0.4166666666666667, 1e-14, 1e-14, 1e-14, 1e-14, 1e-14, 1e-14, 0.08333333333333333, 1e-14, 1e-14, 1e-14, 0.08333333333333333, 1e-14, 1e-14, 1e-14, 1e-14, 1e-14, 1e-14, 1e-14], [0.5423728813559322, 1e-14, 1e-14, 0.05084745762711865, 0.01694915254237288, 1e-14, 0.03389830508474576, 0.05084745762711865, 0.15254237288135594, 0.06779661016949153, 1e-14, 1e-14, 1e-14, 1e-14, 0.05084745762711865, 1e-14, 1e-14, 1e-14, 1e-14, 1e-14, 0.03389830508474576, 1e-14, 1e-14, 1e-14, 1e-14, 1e-14, 1e-14], [0.731934731934732, 0.034965034965034975, 0.004662004662004663, 0.01864801864801865, 0.011655011655011658, 0.04195804195804197, 0.004662004662004663, 0.01631701631701632, 0.01864801864801865, 0.060606060606060615, 0.004662004662004663, 1e-14, 1e-14, 1e-14, 0.027972027972027975, 0.004662004662004663, 1e-14, 1e-14, 1e-14, 0.0023310023310023314, 0.011655011655011658, 1e-14, 1e-14, 1e-14, 1e-14, 1e-14, 0.004662004662004663], [0.08219178082191782, 0.08219178082191782, 0.08219178082191782, 0.13698630136986303, 0.05479452054794521, 0.17808219178082194, 1e-14, 0.027397260273972605, 0.26027397260273977, 1e-14, 1e-14, 1e-14, 1e-14, 0.013698630136986302, 0.05479452054794521, 1e-14, 1e-14, 1e-14, 1e-14, 1e-14, 0.027397260273972605, 1e-14, 1e-14, 1e-14, 1e-14, 1e-14, 1e-14], [0.5882352941176471, 1e-14, 1e-14, 1e-14, 1e-14, 1e-14, 0.058823529411764705, 1e-14, 0.29411764705882354, 1e-14, 1e-14, 1e-14, 1e-14, 1e-14, 1e-14, 0.058823529411764705, 1e-14, 1e-14, 1e-14, 1e-14, 1e-14, 1e-14, 1e-14, 1e-14, 1e-14, 1e-14, 1e-14], [0.037037037037037035, 0.037037037037037035, 0.037037037037037035, 0.037037037037037035, 0.037037037037037035, 0.037037037037037035, 0.037037037037037035, 0.037037037037037035, 0.037037037037037035, 0.037037037037037035, 0.037037037037037035, 0.037037037037037035, 0.037037037037037035, 0.037037037037037035, 0.037037037037037035, 0.037037037037037035, 0.037037037037037035, 0.037037037037037035, 0.037037037037037035, 0.037037037037037035, 0.037037037037037035, 0.037037037037037035, 0.037037037037037035, 0.037037037037037035, 0.037037037037037035, 0.037037037037037035, 0.037037037037037035], [0.037037037037037035, 0.037037037037037035, 0.037037037037037035, 0.037037037037037035, 0.037037037037037035, 0.037037037037037035, 0.037037037037037035, 0.037037037037037035, 0.037037037037037035, 0.037037037037037035, 0.037037037037037035, 0.037037037037037035, 0.037037037037037035, 0.037037037037037035, 0.037037037037037035, 0.037037037037037035, 0.037037037037037035, 0.037037037037037035, 0.037037037037037035, 0.037037037037037035, 0.037037037037037035, 0.037037037037037035, 0.037037037037037035, 0.037037037037037035, 0.037037037037037035, 0.037037037037037035, 0.037037037037037035], [0.02040816326530612, 1e-14, 1e-14, 0.02040816326530612, 0.8571428571428571, 0.02040816326530612, 1e-14, 1e-14, 1e-14, 1e-14, 1e-14, 1e-14, 1e-14, 1e-14, 0.04081632653061224, 0.04081632653061224, 1e-14, 1e-14, 1e-14, 1e-14, 1e-14, 1e-14, 1e-14, 1e-14, 1e-14, 1e-14, 1e-14], [0.21250000000000002, 0.10000000000000002, 0.012500000000000002, 0.012500000000000002, 1e-14, 0.025000000000000005, 1e-14, 0.08750000000000001, 0.20000000000000004, 0.05000000000000001, 0.012500000000000002, 1e-14, 1e-14, 0.037500000000000006, 0.13750000000000004, 0.025000000000000005, 1e-14, 1e-14, 1e-14, 1e-14, 0.037500000000000006, 1e-14, 1e-14, 1e-14, 1e-14, 0.012500000000000002, 0.037500000000000006], [0.02872531418312388, 0.003590664272890485, 1e-14, 0.0017953321364452424, 1e-14, 0.005385996409335727, 1e-14, 0.0017953321364452424, 0.03590664272890485, 0.0017953321364452424, 0.0017953321364452424, 1e-14, 1e-14, 0.003590664272890485, 0.010771992818671455, 0.03770197486535009, 0.0017953321364452424, 0.05565529622980251, 0.01615798922800718, 0.1310592459605027, 0.5673249551166966, 0.0017953321364452424, 0.005385996409335727, 1e-14, 1e-14, 0.03590664272890485, 0.05206463195691203], [1e-14, 1e-14, 1e-14, 1e-14, 1e-14, 1e-14, 1e-14, 1e-14, 1e-14, 1e-14, 1e-14, 1e-14, 1e-14, 1e-14, 1e-14, 1.0, 1e-14, 1e-14, 1e-14, 1e-14, 1e-14, 1e-14, 1e-14, 1e-14, 1e-14, 1e-14, 1e-14], [1e-14, 1e-14, 1e-14, 0.015384615384615385, 1e-14, 1e-14, 1e-14, 1e-14, 0.03076923076923077, 1e-14, 1e-14, 1e-14, 1e-14, 1e-14, 1e-14, 0.2153846153846154, 1e-14, 1e-14, 0.015384615384615385, 0.06153846153846154, 0.6, 1e-14, 1e-14, 1e-14, 1e-14, 0.015384615384615385, 0.046153846153846156], [1e-14, 1e-14, 1e-14, 1e-14, 1e-14, 1e-14, 1e-14, 1e-14, 0.17647058823529413, 1e-14, 1e-14, 1e-14, 1e-14, 1e-14, 1e-14, 0.11764705882352941, 1e-14, 1e-14, 1e-14, 0.23529411764705882, 0.35294117647058826, 1e-14, 1e-14, 1e-14, 1e-14, 0.058823529411764705, 0.058823529411764705], [1e-14, 1e-14, 1e-14, 1e-14, 1e-14, 1e-14, 1e-14, 0.009009009009009007, 0.009009009009009007, 1e-14, 1e-14, 1e-14, 1e-14, 1e-14, 0.018018018018018014, 0.5045045045045043, 1e-14, 0.09009009009009007, 0.009009009009009007, 0.009009009009009007, 0.29729729729729726, 1e-14, 0.009009009009009007, 1e-14, 1e-14, 0.009009009009009007, 0.03603603603603603], [0.01125703564727955, 1e-14, 1e-14, 1e-14, 1e-14, 1e-14, 1e-14, 1e-14, 0.01125703564727955, 1e-14, 1e-14, 1e-14, 1e-14, 1e-14, 0.00375234521575985, 0.7448405253283302, 1e-14, 0.0300187617260788, 0.005628517823639775, 0.04127579737335835, 0.0900562851782364, 0.005628517823639775, 1e-14, 1e-14, 1e-14, 0.03377110694183865, 0.0225140712945591], [1e-14, 1e-14, 1e-14, 1e-14, 1e-14, 1e-14, 1e-14, 1e-14, 1e-14, 1e-14, 1e-14, 1e-14, 1e-14, 1e-14, 1e-14, 0.5, 1e-14, 1e-14, 1e-14, 1e-14, 0.5, 1e-14, 1e-14, 1e-14, 1e-14, 1e-14, 1e-14], [1e-14, 1e-14, 1e-14, 1e-14, 1e-14, 1e-14, 1e-14, 1e-14, 1e-14, 1e-14, 0.2, 1e-14, 1e-14, 1e-14, 0.2, 0.6, 1e-14, 1e-14, 1e-14, 1e-14, 1e-14, 1e-14, 1e-14, 1e-14, 1e-14, 1e-14, 1e-14], [0.037037037037037035, 0.037037037037037035, 0.037037037037037035, 0.037037037037037035, 0.037037037037037035, 0.037037037037037035, 0.037037037037037035, 0.037037037037037035, 0.037037037037037035, 0.037037037037037035, 0.037037037037037035, 0.037037037037037035, 0.037037037037037035, 0.037037037037037035, 0.037037037037037035, 0.037037037037037035, 0.037037037037037035, 0.037037037037037035, 0.037037037037037035, 0.037037037037037035, 0.037037037037037035, 0.037037037037037035, 0.037037037037037035, 0.037037037037037035, 0.037037037037037035, 0.037037037037037035, 0.037037037037037035], [0.037037037037037035, 0.037037037037037035, 0.037037037037037035, 0.037037037037037035, 0.037037037037037035, 0.037037037037037035, 0.037037037037037035, 0.037037037037037035, 0.037037037037037035, 0.037037037037037035, 0.037037037037037035, 0.037037037037037035, 0.037037037037037035, 0.037037037037037035, 0.037037037037037035, 0.037037037037037035, 0.037037037037037035, 0.037037037037037035, 0.037037037037037035, 0.037037037037037035, 0.037037037037037035, 0.037037037037037035, 0.037037037037037035, 0.037037037037037035, 0.037037037037037035, 0.037037037037037035, 0.037037037037037035], [1e-14, 1e-14, 1e-14, 1e-14, 1e-14, 1e-14, 1e-14, 1e-14, 0.04, 1e-14, 1e-14, 1e-14, 1e-14, 1e-14, 1e-14, 0.24, 1e-14, 0.08, 0.06, 0.06, 0.5, 1e-14, 1e-14, 1e-14, 1e-14, 1e-14, 0.02], [1e-14, 1e-14, 1e-14, 1e-14, 1e-14, 0.01612903225806452, 1e-14, 0.048387096774193554, 0.03225806451612904, 1e-14, 1e-14, 1e-14, 1e-14, 1e-14, 0.01612903225806452, 0.467741935483871, 1e-14, 1e-14, 1e-14, 1e-14, 0.2741935483870968, 1e-14, 1e-14, 1e-14, 1e-14, 0.12903225806451615, 0.01612903225806452]]